  6.00000000E-01   3.59148897E-01  -2.04527787E+02   2.04528102E+02
  6.50000000E-01   5.26145823E-01  -4.24528647E+02   4.24528973E+02
  7.00000000E-01   6.99213409E-01  -6.71467787E+02   6.71468151E+02
  7.50000000E-01   9.21132887E-01  -9.17185854E+02   9.17186317E+02
  8.00000000E-01   1.19608260E+00  -1.13822294E+03   1.13822357E+03
  8.50000000E-01   1.42009480E+00  -1.31153161E+03   1.31153238E+03
  9.00000000E-01   1.31801034E+00  -1.41530996E+03   1.41531057E+03
  9.50000000E-01   8.76829899E-01  -1.44887030E+03   1.44887057E+03
  1.00000000E+00   4.89729690E-01  -1.42667341E+03   1.42667349E+03
  1.05000000E+00   2.75989973E-01  -1.35422482E+03   1.35422485E+03
  1.10000000E+00   1.68404785E-01  -1.23576975E+03   1.23576976E+03
  1.15000000E+00   1.06003158E-01  -1.08011049E+03   1.08011050E+03
  1.20000000E+00   5.98872190E-02  -8.99571143E+02   8.99571145E+02
  1.25000000E+00   2.11089304E-02  -7.08157119E+02   7.08157119E+02
  1.30000000E+00  -1.39533895E-02  -5.20046025E+02   5.20046025E+02
  1.35000000E+00  -4.62950711E-02  -3.48350271E+02   3.48350274E+02
  1.40000000E+00  -6.99642586E-02  -2.04119157E+02   2.04119169E+02
  1.45000000E+00  -7.10773491E-02  -9.55388570E+01   9.55388834E+01
  1.50000000E+00  -4.08176708E-02  -2.72889463E+01   2.72889768E+01
  1.55000000E+00  -4.16505924E-03  -5.14336725E-01   5.14353589E-01
  1.60000000E+00   1.51392895E-02  -1.33903082E+01   1.33903167E+01
  1.65000000E+00   2.53291266E-02  -6.10569366E+01   6.10569418E+01
  1.70000000E+00   3.68398588E-02  -1.35990667E+02   1.35990672E+02
  1.75000000E+00   5.24090704E-02  -2.28896385E+02   2.28896391E+02
  1.80000000E+00   7.05746584E-02  -3.29609820E+02   3.29609828E+02
  1.85000000E+00   8.87786500E-02  -4.27977802E+02   4.27977811E+02
  1.90000000E+00   1.03533034E-01  -5.14692951E+02   5.14692962E+02
  1.95000000E+00   1.10258691E-01  -5.82025303E+02   5.82025314E+02
  2.00000000E+00   1.05789189E-01  -6.24403731E+02   6.24403740E+02
  2.05000000E+00   9.47249494E-02  -6.38771936E+02   6.38771943E+02
  2.10000000E+00   9.60382658E-02  -6.24530902E+02   6.24530909E+02
  2.15000000E+00   1.16976746E-01  -5.83279536E+02   5.83279548E+02
  2.20000000E+00   1.33118506E-01  -5.19139178E+02   5.19139195E+02
  2.25000000E+00   1.31536751E-01  -4.38362711E+02   4.38362731E+02
  2.30000000E+00   1.15841263E-01  -3.48291859E+02   3.48291878E+02
  2.35000000E+00   9.25076041E-02  -2.56671221E+02   2.56671237E+02
  2.40000000E+00   6.67039044E-02  -1.71039312E+02   1.71039325E+02
  2.45000000E+00   4.21393317E-02  -9.81138715E+01   9.81138806E+01
  2.50000000E+00   2.17033605E-02  -4.32508607E+01   4.32508662E+01
  2.55000000E+00   7.35026568E-03  -1.00380353E+01   1.00380380E+01
  2.60000000E+00  -3.50060804E-04  -5.92013969E-02   5.92024319E-02
  2.65000000E+00  -1.48428346E-03  -1.28510843E+01   1.28510844E+01
  2.70000000E+00   6.51210272E-03  -4.60197021E+01   4.60197026E+01
  2.75000000E+00   2.83661537E-02  -9.54245153E+01   9.54245195E+01
  2.80000000E+00   6.14332845E-02  -1.55613923E+02   1.55613936E+02
  2.85000000E+00   9.91582884E-02  -2.20473316E+02   2.20473338E+02
  2.90000000E+00   1.37067247E-01  -2.83743566E+02   2.83743599E+02
  2.95000000E+00   1.72193883E-01  -3.39530178E+02   3.39530222E+02
  3.00000000E+00   2.02080440E-01  -3.82804745E+02   3.82804798E+02
  3.05000000E+00   2.24513216E-01  -4.09819306E+02   4.09819368E+02
  3.10000000E+00   2.37975460E-01  -4.18392551E+02   4.18392619E+02
  3.15000000E+00   2.41974462E-01  -4.08047727E+02   4.08047798E+02
  3.20000000E+00   2.36567619E-01  -3.79992364E+02   3.79992438E+02
  3.25000000E+00   2.21014560E-01  -3.36952319E+02   3.36952391E+02
  3.30000000E+00   1.92622590E-01  -2.82923339E+02   2.82923404E+02
  3.35000000E+00   1.52851692E-01  -2.22843544E+02   2.22843597E+02
  3.40000000E+00   1.10567500E-01  -1.62015752E+02   1.62015790E+02
  3.45000000E+00   7.19926923E-02  -1.05580861E+02   1.05580886E+02
  3.50000000E+00   3.98536316E-02  -5.81543562E+01   5.81543699E+01
  3.55000000E+00   1.61420488E-02  -2.34479250E+01   2.34479305E+01
  3.60000000E+00   2.64708727E-03  -3.95474685E+00   3.95474774E+00
  3.65000000E+00   6.58801888E-04  -7.57075002E-01   7.57075289E-01
  3.70000000E+00   1.06602128E-02  -1.34673288E+01   1.34673330E+01
  3.75000000E+00   3.22940330E-02  -4.03007766E+01   4.03007896E+01
  3.80000000E+00   6.43321799E-02  -7.82671782E+01   7.82672047E+01
  3.85000000E+00   1.04142322E-01  -1.23459935E+02   1.23459979E+02
  3.90000000E+00   1.46424969E-01  -1.71434524E+02   1.71434586E+02
  3.95000000E+00   1.85333260E-01  -2.17660979E+02   2.17661058E+02
  4.00000000E+00   2.19059620E-01  -2.57897544E+02   2.57897637E+02
  4.05000000E+00   2.46442134E-01  -2.88508368E+02   2.88508473E+02
  4.10000000E+00   2.65138436E-01  -3.06801635E+02   3.06801750E+02
  4.15000000E+00   2.72952345E-01  -3.11260966E+02   3.11261085E+02
  4.20000000E+00   2.68671677E-01  -3.01648657E+02   3.01648777E+02
  4.25000000E+00   2.52354263E-01  -2.78993226E+02   2.78993340E+02
  4.30000000E+00   2.25202070E-01  -2.45466964E+02   2.45467067E+02
  4.35000000E+00   1.89405494E-01  -2.04165987E+02   2.04166075E+02
  4.40000000E+00   1.48153113E-01  -1.58814480E+02   1.58814549E+02
  4.45000000E+00   1.05690619E-01  -1.13418097E+02   1.13418146E+02
  4.50000000E+00   6.69981784E-02  -7.18890621E+01   7.18890933E+01
  4.55000000E+00   3.55867680E-02  -3.76937890E+01   3.76938058E+01
  4.60000000E+00   1.30276479E-02  -1.35875839E+01   1.35875901E+01
  4.65000000E+00   1.26806463E-03  -1.38184200E+00   1.38184258E+00
  4.70000000E+00   2.02474539E-03  -1.78139109E+00   1.78139224E+00
  4.75000000E+00   1.58031990E-02  -1.43467937E+01   1.43468024E+01
  4.80000000E+00   4.17274785E-02  -3.75618237E+01   3.75618469E+01
  4.85000000E+00   7.76898687E-02  -6.89925834E+01   6.89926271E+01
  4.90000000E+00   1.20550557E-01  -1.05524122E+02   1.05524191E+02
  4.95000000E+00   1.66373088E-01  -1.43653049E+02   1.43653146E+02
  5.00000000E+00   2.10857960E-01  -1.79810128E+02   1.79810251E+02
  5.05000000E+00   2.50122508E-01  -2.10682810E+02   2.10682959E+02
  5.10000000E+00   2.81752949E-01  -2.33496619E+02   2.33496789E+02
  5.15000000E+00   3.03736756E-01  -2.46231085E+02   2.46231273E+02
  5.20000000E+00   3.12795629E-01  -2.47813583E+02   2.47813780E+02
  5.25000000E+00   3.07062691E-01  -2.38216491E+02   2.38216689E+02
  5.30000000E+00   2.86992835E-01  -2.18416640E+02   2.18416828E+02
  5.35000000E+00   2.54614337E-01  -1.90282810E+02   1.90282980E+02
  5.40000000E+00   2.13049707E-01  -1.56394772E+02   1.56394917E+02
  5.45000000E+00   1.66189293E-01  -1.19800954E+02   1.19801069E+02
  5.50000000E+00   1.18419176E-01  -8.37375127E+01   8.37375964E+01
  5.55000000E+00   7.42416768E-02  -5.13353751E+01   5.13354287E+01
  5.60000000E+00   3.77925926E-02  -2.53419564E+01   2.53419846E+01
  5.65000000E+00   1.24251701E-02  -7.88340790E+00   7.88341769E+00
  5.70000000E+00   6.03066378E-04  -2.88360658E-01   2.88361289E-01
  5.75000000E+00   4.08031543E-03  -2.97863775E+00   2.97864054E+00
  5.80000000E+00   2.31533639E-02  -1.54395805E+01   1.54395978E+01
  5.85000000E+00   5.62224340E-02  -3.62907481E+01   3.62907916E+01
  5.90000000E+00   1.00367989E-01  -6.34277188E+01   6.34277983E+01
  5.95000000E+00   1.51746345E-01  -9.42201948E+01   9.42203170E+01
  6.00000000E+00   2.05878442E-01  -1.25755521E+02   1.25755689E+02
